%wheel-base length width height curb-weight engine-size horsepower highway-mpg
88.6 168.8 64.1 48.8 2548 130 111 27
88.6 168.8 64.1 48.8 2548 130 111 27
94.5 171.2 65.5 52.4 2823 152 154 26
99.8 176.6 66.2 54.3 2337 109 102 30
99.4 176.6 66.4 54.3 2824 136 115 22
99.8 177.3 66.3 53.1 2507 136 110 25
105.8 192.7 71.4 55.7 2844 136 110 25
105.8 192.7 71.4 55.7 2954 136 110 25
105.8 192.7 71.4 55.9 3086 131 140 20
99.5 178.2 67.9 52 3053 131 160 22
101.2 176.8 64.8 54.3 2395 108 101 29
101.2 176.8 64.8 54.3 2395 108 101 29
101.2 176.8 64.8 54.3 2710 164 121 28
101.2 176.8 64.8 54.3 2765 164 121 28
103.5 189 66.9 55.7 3055 164 121 25
103.5 189 66.9 55.7 3230 209 182 22
103.5 193.8 67.9 53.7 3380 209 182 22
110 197 70.9 56.3 3505 209 182 20
88.4 141.1 60.3 53.2 1488 61 48 53
94.5 155.9 63.6 52 1874 90 70 43
94.5 158.8 63.6 52 1909 90 70 43
93.7 157.3 63.8 50.8 1876 90 68 41
93.7 157.3 63.8 50.8 1876 90 68 38
93.7 157.3 63.8 50.8 2128 98 102 30
93.7 157.3 63.8 50.6 1967 90 68 38
93.7 157.3 63.8 50.6 1989 90 68 38
93.7 157.3 63.8 50.6 1989 90 68 38
93.7 157.3 63.8 50.6 2191 98 102 30
103.3 174.6 64.6 59.8 2535 122 88 30
95.9 173.2 66.3 50.2 2811 156 145 24
86.6 144.6 63.9 50.8 1713 92 58 54
86.6 144.6 63.9 50.8 1819 92 76 38
93.7 150 64 52.6 1837 79 60 42
93.7 150 64 52.6 1940 92 76 34
93.7 150 64 52.6 1956 92 76 34
96.5 163.4 64 54.5 2010 92 76 34
96.5 157.1 63.9 58.3 2024 92 76 34
96.5 167.5 65.2 53.3 2236 110 86 33
96.5 167.5 65.2 53.3 2289 110 86 33
96.5 175.4 65.2 54.1 2304 110 86 33
96.5 175.4 62.5 54.1 2372 110 86 33
96.5 175.4 65.2 54.1 2465 110 101 28
96.5 169.1 66 51 2293 110 100 31
94.3 170.7 61.8 53.5 2337 111 78 29
94.5 155.9 63.6 52 1874 90 70 43
94.5 155.9 63.6 52 1909 90 70 43
96 172.6 65.2 51.4 2734 119 90 29
113 199.6 69.6 52.8 4066 258 176 19
113 199.6 69.6 52.8 4066 258 176 19
102 191.7 70.6 47.8 3950 326 262 17
93.1 159.1 64.2 54.1 1890 91 68 31
93.1 159.1 64.2 54.1 1900 91 68 38
93.1 159.1 64.2 54.1 1905 91 68 38
93.1 166.8 64.2 54.1 1945 91 68 38
93.1 166.8 64.2 54.1 1950 91 68 38
95.3 169 65.7 49.6 2380 70 101 23
95.3 169 65.7 49.6 2380 70 101 23
95.3 169 65.7 49.6 2385 70 101 23
95.3 169 65.7 49.6 2500 80 135 23
98.8 177.8 66.5 53.7 2385 122 84 32
98.8 177.8 66.5 55.5 2410 122 84 32
98.8 177.8 66.5 53.7 2385 122 84 32
98.8 177.8 66.5 55.5 2410 122 84 32
98.8 177.8 66.5 55.5 2443 122 64 42
98.8 177.8 66.5 55.5 2425 122 84 32
104.9 175 66.1 54.4 2670 140 120 27
104.9 175 66.1 54.4 2700 134 72 39
110 190.9 70.3 56.5 3515 183 123 25
110 190.9 70.3 58.7 3750 183 123 25
106.7 187.5 70.3 54.9 3495 183 123 25
115.6 202.6 71.7 56.3 3770 183 123 25
115.6 202.6 71.7 56.5 3740 234 155 18
96.6 180.3 70.5 50.8 3685 234 155 18
120.9 208.1 71.7 56.7 3900 308 184 16
112 199.2 72 55.4 3715 304 184 16
102.7 178.4 68 54.8 2910 140 175 24
93.7 157.3 64.4 50.8 1918 92 68 41
93.7 157.3 64.4 50.8 1944 92 68 38
93.7 157.3 64.4 50.8 2004 92 68 38
93 157.3 63.8 50.8 2145 98 102 30
96.3 173 65.4 49.4 2370 110 116 30
96.3 173 65.4 49.4 2328 122 88 32
95.9 173.2 66.3 50.2 2833 156 145 24
95.9 173.2 66.3 50.2 2921 156 145 24
95.9 173.2 66.3 50.2 2926 156 145 24
96.3 172.4 65.4 51.6 2365 122 88 32
96.3 172.4 65.4 51.6 2405 122 88 32
96.3 172.4 65.4 51.6 2403 110 116 30
96.3 172.4 65.4 51.6 2403 110 116 30
94.5 165.3 63.8 54.5 1889 97 69 37
94.5 165.3 63.8 54.5 2017 103 55 50
94.5 165.3 63.8 54.5 1918 97 69 37
94.5 165.3 63.8 54.5 1938 97 69 37
94.5 170.2 63.8 53.5 2024 97 69 37
94.5 165.3 63.8 54.5 1951 97 69 37
94.5 165.6 63.8 53.3 2028 97 69 37
94.5 165.3 63.8 54.5 1971 97 69 37
94.5 170.2 63.8 53.5 2037 97 69 37
95.1 162.4 63.8 53.3 2008 97 69 37
97.2 173.4 65.2 54.7 2324 120 97 34
97.2 173.4 65.2 54.7 2302 120 97 34
100.4 181.7 66.5 55.1 3095 181 152 22
100.4 184.6 66.5 56.1 3296 181 152 22
100.4 184.6 66.5 55.1 3060 181 152 25
91.3 170.7 67.9 49.7 3071 181 160 25
91.3 170.7 67.9 49.7 3139 181 200 23
99.2 178.5 67.9 49.7 3139 181 160 25
107.9 186.7 68.4 56.7 3020 120 97 24
107.9 186.7 68.4 56.7 3197 152 95 33
114.2 198.9 68.4 58.7 3230 120 97 24
114.2 198.9 68.4 58.7 3430 152 95 25
107.9 186.7 68.4 56.7 3075 120 95 24
107.9 186.7 68.4 56.7 3252 152 95 33
114.2 198.9 68.4 56.7 3285 120 95 24
114.2 198.9 68.4 58.7 3485 152 95 25
107.9 186.7 68.4 56.7 3075 120 97 24
107.9 186.7 68.4 56.7 3252 152 95 33
108 186.7 68.3 56 3130 134 142 24
93.7 157.3 63.8 50.8 1918 90 68 41
93.7 157.3 63.8 50.8 2128 98 102 30
93.7 157.3 63.8 50.6 1967 90 68 38
93.7 167.3 63.8 50.8 1989 90 68 38
93.7 167.3 63.8 50.8 2191 98 68 38
103.3 174.6 64.6 59.8 2535 122 88 30
95.9 173.2 66.3 50.2 2818 156 145 24
94.5 168.9 68.3 50.2 2778 151 143 27
89.5 168.9 65 51.6 2756 194 207 25
89.5 168.9 65 51.6 2756 194 207 25
89.5 168.9 65 51.6 2800 194 207 25
98.4 175.7 72.3 50.5 3366 203 288 28
99.1 186.6 66.5 56.1 2658 121 110 28
99.1 186.6 66.5 56.1 2695 121 110 28
99.1 186.6 66.5 56.1 2707 121 110 28
99.1 186.6 66.5 56.1 2758 121 110 28
99.1 186.6 66.5 56.1 2808 121 160 26
99.1 186.6 66.5 56.1 2847 121 160 26
93.7 156.9 63.4 53.7 2050 97 69 36
93.7 157.9 63.6 53.7 2120 108 73 31
93.3 157.3 63.8 55.7 2240 108 73 31
97.2 172 65.4 52.5 2145 108 82 37
97.2 172 65.4 52.5 2190 108 82 33
97.2 172 65.4 52.5 2340 108 94 32
97 172 65.4 54.3 2385 108 82 25
97 172 65.4 54.3 2510 108 111 29
97 173.5 65.4 53 2290 108 82 32
97 173.5 65.4 53 2455 108 94 31
96.9 173.6 65.4 54.9 2420 108 82 29
96.9 173.6 65.4 54.9 2650 108 111 23
95.7 158.7 63.6 54.5 1985 92 62 39
95.7 158.7 63.6 54.5 2040 92 62 38
95.7 158.7 63.6 54.5 2015 92 62 38
95.7 169.7 63.6 59.1 2280 92 62 37
95.7 169.7 63.6 59.1 2290 92 62 32
95.7 169.7 63.6 59.1 3110 92 62 32
95.7 166.3 64.4 53 2081 98 70 37
95.7 166.3 64.4 52.8 2109 98 70 37
95.7 166.3 64.4 53 2275 110 56 36
95.7 166.3 64.4 52.8 2275 110 56 47
95.7 166.3 64.4 53 2094 98 70 47
95.7 166.3 64.4 52.8 2122 98 70 34
95.7 166.3 64.4 52.8 2140 98 70 34
94.5 168.7 64 52.6 2169 98 70 34
94.5 168.7 64 52.6 2204 98 70 34
94.5 168.7 64 52.6 2265 98 112 29
94.5 168.7 64 52.6 2300 98 112 29
98.4 176.2 65.6 52 2540 146 116 30
98.4 176.2 65.6 52 2536 146 116 30
98.4 176.2 65.6 52 2551 146 116 30
98.4 176.2 65.6 52 2679 146 116 30
98.4 176.2 65.6 52 2714 146 116 30
98.4 176.2 65.6 53 2975 146 116 30
102.4 175.6 66.5 54.9 2326 122 92 34
102.4 175.6 66.5 54.9 2480 110 73 33
102.4 175.6 66.5 53.9 2414 122 92 32
102.4 175.6 66.5 54.9 2414 122 92 32
102.4 175.6 66.5 53.9 2458 122 92 32
102.9 183.5 67.7 52 2976 171 161 24
102.9 183.5 67.7 52 3016 171 161 24
104.5 187.8 66.5 54.1 3131 171 156 24
104.5 187.8 66.5 54.1 3151 161 156 24
97.3 171.7 65.5 55.7 2261 97 52 46
97.3 171.7 65.5 55.7 2209 109 85 34
97.3 171.7 65.5 55.7 2264 97 52 46
97.3 171.7 65.5 55.7 2212 109 85 34
97.3 171.7 65.5 55.7 2275 109 85 34
97.3 171.7 65.5 55.7 2319 97 68 42
97.3 171.7 65.5 55.7 2300 109 100 32
94.5 159.3 64.2 55.6 2254 109 90 29
94.5 165.7 64 51.4 2221 109 90 29
100.4 180.2 66.9 55.1 2661 136 110 24
100.4 180.2 66.9 55.1 2579 97 68 38
100.4 183.1 66.9 55.1 2563 109 88 31
104.3 188.8 67.2 56.2 2912 141 114 28
104.3 188.8 67.2 57.5 3034 141 114 28
104.3 188.8 67.2 56.2 2935 141 114 28
104.3 188.8 67.2 57.5 3042 141 114 28
104.3 188.8 67.2 56.2 3045 130 162 22
104.3 188.8 67.2 57.5 3157 130 162 22
109.1 188.8 68.9 55.5 2952 141 114 28
109.1 188.8 68.8 55.5 3049 141 160 25
109.1 188.8 68.9 55.5 3012 173 134 23
109.1 188.8 68.9 55.5 3217 145 106 27
109.1 188.8 68.9 55.5 3062 141 114 25
